47,1040
47,1039
47,1038
47,1037
47,1036
47,1035
47,1034
47,1033
47,1032
47,1031
47,1030
47,1029
47,1028
47,1027
47,1026
47,1025
47,1024
47,1023
47,1022
47,1021
47,1020
47,1019
47,1018
47,1017
47,1016
47,1015
47,1014
47,1013
47,1012
47,1011
47,1010
47,1009
47,1008
47,1007
47,1006
47,1005
47,1004
47,1003
47,1002
47,1001
47,1000
47,999
47,998
47,997
47,996
47,995
47,994
47,993
47,992
47,991
47,990
47,989
47,988
47,987
47,986
47,985
47,984
47,983
47,982
47,981
47,980
47,979
47,978
47,977
47,976
47,975
47,974
47,973
47,972
47,971
47,970
47,969
47,968
47,967
47,966
47,965
47,964
47,963
47,962
47,961
47,960
47,959
47,958
47,957
47,956
47,955
47,954
47,953
47,952
47,951
47,950
47,949
47,948
47,947
47,946
47,945
47,944
47,943
47,942
47,941
47,940
47,939
47,938
47,937
47,936
47,935
47,934
47,933
47,932
47,931
47,930
47,929
47,928
47,927
47,926
47,925
47,924
47,923
47,922
47,921
47,920
47,919
47,918
47,917
47,916
47,915
47,914
47,913
47,912
47,911
47,910
47,909
47,908
47,907
47,906
47,905
47,904
47,903
47,902
47,901
47,900
47,899
47,898
47,897
47,896
47,895
47,894
47,893
47,892
47,891
47,890
47,889
47,888
47,887
47,886
47,885
47,884
47,883
47,882
47,881
47,880
47,879
47,878
47,877
47,876
47,875
47,874
47,873
47,872
47,871
47,870
47,869
47,868
47,867
47,866
47,865
47,864
47,863
47,862
47,861
47,860
47,859
47,858
47,857
47,856
47,855
47,854
47,853
47,852
47,851
47,850
47,849
47,848
47,847
47,846
47,845
47,844
47,843
47,842
47,841
47,840
47,839
47,838
47,837
47,836
47,835
47,834
47,833
47,832
47,831
47,830
47,829
47,828
47,827
47,826
47,825
47,824
47,823
47,822
47,821
47,820
47,819
47,818
47,817
47,816
47,815
47,814
47,813
47,812
47,811
47,810
47,809
47,808
47,807
47,806
47,805
47,804
47,803
47,802
47,801
47,800
47,799
47,798
47,797
47,796
47,795
47,794
47,793
47,792
47,791
47,790
47,789
47,788
47,787
47,786
47,785
47,784
47,783
47,782
47,781
47,780
47,779
47,778
47,777
47,776
47,775
47,774
47,773
47,772
47,771
47,770
47,769
47,768
47,767
47,766
47,765
47,764
47,763
47,762
47,761
47,760
47,759
47,758
47,757
47,756
47,755
47,754
47,753
47,752
47,751
47,750
47,749
47,748
47,747
47,746
47,745
47,744
47,743
47,742
47,741
47,740
47,739
47,738
47,737
47,736
47,735
47,734
47,733
47,732
47,731
47,730
47,729
47,728
47,727
47,726
47,725
47,724
47,723
47,722
47,721
47,720
47,719
47,718
47,717
47,716
47,715
47,714
47,713
47,712
47,711
47,710
47,709
47,708
47,707
47,706
47,705
47,704
47,703
47,702
47,701
47,700
47,699
47,698
47,697
47,696
47,695
